0.01
0.05
1.23
12.34
34.56
78.90
123.45
67.89
100.00
250.75
500.50
320.25
450.99
67.00
890.12
99.99
22.33
19.87
13.45
7.89
3.45
1.99
8.76
456.78
234.56
1000.00
56.78
45.67
89.12
23.45
678.90
12.12
90.90
100.01
555.55
321.32
214.21
11.11
22.22
33.33
44.44
55.55
66.66
77.77
88.88
99.99
123.21
456.12
789.34
12.34
567.89
234.23
0.99
1.11
2.22
3.33
4.44
5.55
6.66
7.77
8.88
9.99
10.00
11.11
12.22
13.33
14.44
15.55
16.66
17.77
18.88
19.99
20.00
21.11
22.22
23.33
24.44
25.55
26.66
27.77
28.88
29.99
30.00
31.11
32.22
33.33
34.44
35.55
36.66
37.77
38.88
39.99
40.00
41.11
42.22
43.33
44.44
45.55
46.66
47.77
48.88
49.99
50.00
51.11
52.22
53.33
54.44
55.55
56.66
57.77
58.88
59.99
60.00
61.11
62.22
63.33
64.44
65.55
66.66
67.77
68.88
69.99
70.00
71.11
72.22
73.33
74.44
75.55
76.66
77.77
78.88
79.99
80.00
81.11
82.22
83.33
84.44
85.55
86.66
87.77
88.88
89.99
90.00
91.11
92.22
93.33
94.44
95.55
96.66
97.77
98.88
99.99
100.00
150.50
200.20
250.75
300.30
350.85
400.40
450.10
500.60
550.95
600.15
650.55
700.05
750.95
800.85
850.75
900.65
950.55
1000.00
1100.50
1200.30
1300.10
1400.90
1500.20
1600.50
1700.80
1800.60
1900.40
2000.00
2500.00
3000.00
3500.00
4000.00
4500.00
5000.00
6000.00
7000.00
8000.00
9000.00
10000.00